5
9
-0.8789649519366622
0.24439216669371366
0.608793655633656
0.1410850738023166
-0.26655251749684505
0.17907370081977425
0.9438268024537217
0.8257752280652413
-0.9682947165305043
-0.12997216181827853
0.5237191763760523
0.30806353581047996
-0.054306367546540724
-0.9274494880518138
0.4987855750429242
-0.8788712446852462
-0.8187626711329232
0.25692858056147116
-0.2735755317843418
0.5182094153548225
-0.25001529943611556
-0.2085672743930933
-0.5658684024111054
0.7893235854377652
0.7134708350735994
0.8060018953974917
0.4731514188778585
-0.11878352205043985
0.16750278035739763
-0.3717819964949156
0.5980478484777794
0.20683512256279135
-0.7485618801779883
-0.8792407174221932
-0.9097946654164253
0.2707546952206532
-0.038061364212841786
0.47955852393301157
0.19778825427905122
-0.9159350605409406
-0.5917612097984823
0.8276430468722777
-0.8189568877092044
0.2616579442445377
-0.36846983691262203
