9
5
-0.809028805143216
-0.7271165490517246
-0.4363762484033775
-0.7656792073049083
-0.44631104981757797
0.9981227810762845
0.7436593936237901
-0.8020308618791221
-0.06436432349525911
0.21547516310768877
0.34160552252739773
-0.3413930012899755
0.3048858764576765
0.4805602162220737
-0.2487082735078172
-0.3415195633982979
0.21701240849838022
0.03208698749525074
0.5383962305773724
0.53102912852822
-0.9141448511440138
0.6567534660823333
0.2649353892220063
-0.10276686688744396
-0.38843196891547316
-0.426608362085354
-0.6005454775697849
0.2656727572175428
0.15068839771319986
-0.9112851479249204
0.585509857702198
0.6508559713771616
0.9145594742897791
-0.32586325021709417
0.48074781956617185
-0.6243327248698611
0.7172325999047182
0.4782734229204746
0.5473797053067593
0.45354475638027814
-0.9596848300851324
0.060946434910528646
-0.6916853997567078
-0.9766481584964626
0.855682600978853
