9
5
-0.8578308976205822
-0.18535015543937905
-0.8866031857303456
0.8170278410718534
0.2472534539172877
-0.43165390662866154
-0.6684436006446479
0.28757653638832026
0.9143974572237719
0.8437102283046347
0.9448429223016459
0.7936374888831181
-0.9733903812297
0.6393782035214934
-0.9470911727847511
-0.9567567531615346
0.32068689718654797
-0.33783310267063893
-0.46163901540110786
0.14705234071011342
0.2389403571214872
-0.5936809158941543
0.7667715209852386
-0.30144941824602345
-0.6894072793029002
0.49613281116265373
0.708338276413758
0.0168755424997189
0.3068435542576482
-0.23146596088829452
-0.43612816215659356
0.6930872119047529
-0.4130649455674258
0.8766891113441488
0.8331685761565619
0.4978541322396606
-0.9748059932762934
0.071352053593702
0.714936145420582
-0.27361156747974524
-0.844062611552701
0.9351726686375832
-0.6871649292158282
0.9576464237210307
-0.5640854188471718
