5
9
-0.41864641565464056
-0.9675040397414971
0.9220014833173196
0.5463606087844852
-0.5046519468381512
-0.8730497381080122
0.4341818522256822
0.23277854962486688
0.45764381717987046
0.022576887907798326
-0.2848403584371959
-0.7814331897666913
0.6718069051954052
0.005535434219403168
0.7858219518042542
0.09867767488771406
0.02827203712373083
0.7417974035872084
-0.6927209916919295
0.4885444702708581
0.6575385938322784
0.7226734523866403
-0.5621339153612765
0.5884552356887089
-0.27060909396398225
0.46047162862863256
-0.37404124251232207
-0.6819829751449547
-0.592133338341001
-0.08904103535824581
0.3430350981165191
0.5882683751913147
0.25557361889563346
-0.8619523143913952
0.2811905900148588
-0.6501848163724644
0.654660481821872
0.6039212855484193
0.41816340211095127
0.0453072509218555
-0.06075148154625887
-0.1915004917317218
-0.8479179966805088
0.987689356785759
0.3916742589299915
