20
3
-0.35321272630873635
0.7422328801243698
-0.8962400765261916
-0.00859409826053826
1.0842911765421195
-0.42103626875562855
2.682914853588069
2.7874768162777803
0.6188221086201587
0.6075840736571891
0.01910902051483757
-0.3311714440157804
0.022269262308112974
-0.9435572485854168
0.11759812853406924
-1.7273815746939145
3.6376984575179216
0.3970139686421838
-0.0751841883458616
-0.04323317008228664
0.4422202506254859
-1.2156386531893297
2.649418927625309
0.389296983027309
-0.11354251877862595
-0.9204998507654157
-0.13644737605126306
-0.14805744388065878
-0.25897052618658134
0.4818085034115854
-1.3712467429830133
0.6153939163910802
-0.5368547556985703
4.017300405835295
-1.8132291919361851
0.20554404484644753
-0.9632651494849434
-0.34029745300533787
1.0328395626213638
4.811441523204996
4.800997821041391
-1.0223585378219293
1.6780748989001641
-0.19090187083344523
-0.7822398145566786
-1.889619005429073
0.8737115352308094
-0.5736355082099086
0.49692159495702776
0.38740055976285787
-0.4153523572461828
0.06240777856558156
0.8319860607086164
-0.2960479751551327
0.34975923113609136
-0.952580311714693
-0.4336328246571379
-0.558600543322191
-0.4632682976036783
0.5172936562869165
