9
30
1.9516601842476626
4.116329179310015
-0.3056571261272205
-0.5631179254060327
-3.5667199616199157
-1.12172836292494
-1.8900499026550224
-4.780161773522839
-2.0841008358114688
1.742764642113017
-1.5951121412805604
3.057795928309198
-2.5182129659232553
0.6038697392833244
2.3663052360409256
2.881837935424514
4.515512213292328
-0.21570783498940882
-2.5207524147435127
2.3746836327277396
1.7007785354081772
-2.468600598162601
0.7209270636826375
-2.028785738327728
5.065493991679632
0.12050337634271636
2.2770446770997537
2.86110959073614
1.567093640124144
0.567139439007695
2.3743049553383933
-3.722320144974166
-1.1091038656375025
0.11079949964454491
0.2995365379535327
-0.05994206722649069
1.4672546659326315
-4.590613773205302
0.8342893286607045
-1.5433224116257072
-1.5190121861397077
0.48453740648695076
-1.14940205407027
0.9273415640207877
-7.0853907778216785
-4.5538679485105655
3.1863163795329883
-0.14003657619059443
-0.5691840715857845
1.958491809369813
2.6097230131550817
0.2396268550663551
2.271970004757755
-4.1270873968419695
1.5375207217084952
3.0068579873725723
2.0439219670440245
0.007573012480905664
-2.5882572616542268
1.8219997005345647
-0.4657980616966058
-3.246305624731311
-2.1038304740517466
0.44972633218484526
-0.5726399588234912
0.718999356154495
0.48694725615945406
2.836796011384563
1.6556713448679772
0.5652959138937562
-0.8224763045995713
-5.673902796527622
-1.6130967463028747
-1.166965186179399
1.1205055873836278
-2.5275460838149186
-0.9783500324391844
2.7525889617060133
2.498882737545234
2.180414581893816
0.6858847324227533
1.5099159995698461
-3.5323289712919306
1.000156658912047
0.6654503868474032
-1.5946047025161192
-1.8326340210633527
-0.7340010776233364
-2.8458344355479888
0.6381398578754085
0.8194919954512425
-2.409890369776193
0.8919074698410133
1.886425774605727
-0.3611681079968063
-1.1676865456722756
-0.8794909045067548
-3.9079573674458024
-2.4431757139548376
1.1363252939913837
-0.1627049379300051
-3.3986363713945567
4.04034083008489
-1.4273714639020667
-2.9948276179887583
-2.625569503599493
-0.7770041619260534
0.6308466477065351
-1.880978983252843
0.028691365304335872
-1.145970365119729
0.9527561080206118
1.3406239585468687
0.3770670054010401
-0.9902343842320523
-0.6917197361231555
-0.11681938526368253
-1.1688253117187537
2.5877751682802437
1.0916209763214342
-3.5321970451290525
1.265291525426198
0.9566641454099836
-4.118288388754965
1.727028745558886
2.7213231833041647
2.9213424822578906
-1.586883647770693
-1.3417238814633503
-1.0588160909647852
-2.437077438739031
-4.567832123910248
4.271604562404561
-3.9549541195192974
-2.525857077891784
2.806241800540752
-1.8845850490352214
0.5982704006268127
3.340516513966418
-1.1849523806909998
-1.6063724869350182
-4.388519329001735
-1.100353637684454
1.4666710148942215
-2.595507934997492
1.4997891711426692
2.957876265507663
-0.12833584494491568
-0.435270102383198
-2.8468501092841345
0.34224728135558746
0.4076869598896582
-2.6457129370662993
-2.59318691613264
-0.4780045550681133
-1.0717675839735752
-0.44546383847623333
-1.7158271862050447
1.8129327538596698
-1.5278002387609744
2.3227330021734556
-1.6495934177673737
2.708010055696539
0.8451318165854507
-0.14785325744697828
0.4359493117867024
-0.18263986642022983
-2.9155925799380715
-2.845229660306644
-1.6442339570743567
-2.1963643045996326
0.9432823685398317
1.2603931233063008
1.4079602874755186
0.13995012180616975
-0.9729621068899849
-1.4013973007035079
-1.4279692432271185
-1.231954305561854
-2.2959519293538153
-4.010235414755092
-1.1288294770823117
0.6326721605918986
1.0128586297821034
0.2713851024984377
-1.435442169144291
-0.6373582581673933
-0.9775743420442914
-1.554705210474773
-2.854413782669516
2.0373518625685905
-1.1707565734870888
-4.416297720805383
0.6587621143160473
-1.1930489671349724
-0.557976093913565
0.05626544620576737
-0.6823563763692049
2.3008547086980973
-1.4749847102510003
-0.28368779679812184
1.4768831848993376
-0.35059648502405877
1.0919745190221515
-0.9696059306344024
-1.7450586165118296
-0.9046586366673522
-1.3352703025928736
0.8343534885417986
-0.7665076593502348
0.3592569112637905
-0.4507139606644342
-0.4970409388273251
0.7790191629256656
-0.06988404877997303
2.287411821820805
-2.194013755768404
-1.4193651935121792
-1.8741282954241858
0.9720764385331881
2.0108402234068263
-1.6874869763065632
-3.0467857818222455
-0.4272755987178105
-0.1984691118554447
-0.7730174601373968
0.5769588129960674
-1.239756846022344
-3.825212302619788
0.9599739527300397
-3.122383640694944
0.9605292028086654
-0.8449524908665635
0.2572472305601303
-1.3245337491659033
1.5689581764969436
-0.604160618656698
-1.2828546777417218
-0.9643304476799632
-1.9581651473142878
1.8018065938283727
-0.12200073108646214
2.0885623227122765
0.22974730066493723
0.12453749435110584
-1.3559352438988188
0.4128403747265389
-1.1366636900685825
1.2717842128241164
-1.5741473758542006
-3.2360388793156343
-0.68477343857422
-3.291507765608859
-0.5391284611575734
-1.415546754296646
0.29538536126809517
-0.5896290002795751
-0.9675809587577966
-3.5011073423891053
-0.7664462382932506
-2.760648296742194
-2.6431078283886587
1.5856071565195131
1.533641792157716
-0.46882987415700605
-1.3475332955755999
0.09544090061547171
-0.8226634394577813
-2.076716245728973
-0.5400284550922294
