30
1
-0.1902532383291471
-1.2861554468896803
-0.41746316307755504
-0.5988111777404833
0.10048390896585134
1.4144214986196473
0.06114452888978162
0.6131035483056667
-1.21593733488708
-0.38507501193506966
1.532522533369312
-0.7928070245971618
-1.1120429410977195
1.1025344343713435
0.6001940876482151
0.3978757616147913
-0.44425011821870264
-0.40123866498386207
-0.2799237646288437
-0.8823575341397633
-0.242749276811703
0.04918767765642166
1.6511588016022796
-1.2471149178796777
-0.34955286630232796
1.14241784039098
-0.32420589154702184
2.088790588424207
0.46536767801306106
-0.9047518059770115
