30
9
-0.26802259836155706
-0.44807680063679495
-0.20882510246509445
-0.9766508124291796
1.4778689481439047
1.1204969559968323
-0.4458520182063647
0.48814411381157014
-0.48608240625992927
0.5838667839877952
0.4873194346980716
-1.2739557557130161
-0.8915551735991614
1.6417448946122548
-0.7722259660516031
1.199476159304581
0.12481276277822566
-0.6604871387130739
0.1846109876796269
0.266314328789344
0.9498470151460359
0.5883100334770263
-0.6628769854098407
-0.6203592502038252
-0.7613552820177601
-0.3512938806259701
2.261271529319816
0.8526976256864891
-0.6045367054633093
-0.042751607443879416
1.1509018762155763
0.1578799225427893
0.6060525776006276
0.403367843075881
0.7277259386638781
0.6193361658075366
-1.5080563749063316
0.3744531461768388
-0.09454694799688058
-0.02136999424470662
-1.5443985909531959
0.3102814823710652
0.367760613446497
-0.17528469383257547
1.7122694925016557
-2.630418842229923
-2.0092234444556047
-2.685253664940198
0.5115824879723307
0.7621367923015164
0.5674536050008787
0.8630457436995034
0.610570279696926
0.809807112727508
-0.3304351051099296
-0.08388593947089837
-1.8273636273408098
-0.015338527329970236
-0.2929123308948495
0.02308226233608851
1.2203021357907422
-0.11157127191026474
-0.47715272558105487
-2.3606463643853592
2.663450442489917
-2.476830744906248
-0.10734388786383049
0.29163347303249115
0.19085407854733605
0.3171564210537885
0.035084839263258887
0.21370802823804758
-0.4431388349938015
-0.16433957261289428
-0.3797709826770092
1.881226235409138
1.88656622318281
-1.5141751531569907
0.11735387754107586
0.3960974181501536
-0.14761388415660584
-0.6927584890942055
0.6715187713863536
2.073491905187349
-0.3832719619221032
-0.17679606316691188
1.09932084185399
-0.4165251408280118
-0.1416587517463875
-1.335186147668544
0.29814887488703373
-2.070284052149294
0.017012831160959013
0.18201320147022698
-1.8168512481715535
-0.20732382994364534
0.12727851711874213
1.7181435358281265
-0.19910497638333208
2.7568878520923925
-0.6474793425770129
-1.011199763669262
-0.7278794191960636
2.811635697780106
-0.6902970288984076
-1.0421731246053276
-0.647543875561272
2.4807749310675593
0.4417885190715708
-0.8893895752760571
-0.15226025570238594
-0.15000944342356964
-0.001970880360985739
-0.31227905978989523
-0.09022842782827263
0.6553053333636211
-0.20815917766824196
0.9710270723698349
0.03176494321721955
0.47856647577584704
0.4689383245152032
0.4417622762326654
0.3907592434380555
0.6821211418245264
0.2065921835088889
-0.34874656581083535
1.1797877263099459
-0.13603863117737128
-0.33750917838609407
0.5591038833522803
-0.980322085191643
-0.19096822261477958
-0.2684157477153568
1.2860029622162412
-1.3960704206300358
-0.8344635680680837
0.9779411415530457
-0.5228802536756102
1.3747919151266437
-0.5293706082183671
0.05402348233685393
-0.1853766131164838
0.2917922452724994
-0.28846433426400314
1.4430727204392246
0.7905710473360179
-2.326299549191923
0.8283400887658182
-2.555472035060596
0.498537375091326
-1.9910306458184794
0.34081930820484757
0.6844368153965955
1.011798621826228
-0.9851262067609221
-0.3994516677621664
1.2737072465012025
0.5030112989703583
-0.8963050523553426
0.853177363982016
-0.6157563084632747
0.008617103699796505
-1.20573401128157
-0.13226606000389293
0.724423073941601
0.4502380361886043
1.6417432738761235
-0.021735965135542025
-0.48470596213820594
0.3392660572961377
-0.9188072746895627
-0.6679317577225682
-0.19541481022315685
-0.39488575587422586
-0.05197672469352385
-0.8925343386315131
0.08639242597860625
0.039660358222690505
-0.7296917252849757
-0.2876327674980991
-1.2968056018567125
1.1270024201230024
0.7126112864031304
0.3057131302184276
-0.9939660475127461
-1.3668502704052596
0.5963282758729009
0.144545626439181
0.6409734302606993
1.620754954846139
-0.8359753400910056
-0.8884037784918852
-0.5389481310462831
0.12658023338249286
0.3633382449390056
0.47737226873249183
0.25282543089939946
-0.3191915624148533
-1.525821508500013
-1.5732475514743214
1.3013422021964016
0.28283506244993445
0.17301895852905486
0.34143212198882605
-0.2570702768350311
-0.6329123844949356
0.25672944159904176
0.9782910187048548
0.25602834220564735
-1.0916774706567334
0.715051955176507
1.6377261205513132
-0.14269315526755075
-1.5223131643723793
-0.1629110777282017
-0.34525551618118816
0.5173963301148814
1.8371929006829864
0.18505968425935354
-0.35176728658886175
-0.9417397951290511
0.17723719360017365
0.4315443512859473
-0.7458916119286599
-0.29402622010528906
0.447663336040188
0.23264581946424173
0.6535849220573726
0.7407530616381324
-0.3859335919775105
0.5790148126389876
0.6973505071480391
0.339193968023058
-0.5564657185386424
-1.88328512217506
-0.19610290712661635
0.05363399852648493
0.9322138934031161
0.131735272574907
-1.0895473237733124
0.23816396187768396
-0.6769020537077193
-0.2926592118942165
-1.4504456759176239
-0.8695961113714051
1.2109944777868167
-0.31031725158872525
-0.7352806966412759
0.4995313580784221
-0.5128601591515974
0.13491156141900923
0.8531633799841095
-0.8170269167074599
-0.6907445177151317
0.01321776173934002
0.8611930752409425
0.9876605579240822
1.0609565679732598
0.5747231034093486
-1.2214998952277671
-0.8230113559681663
-2.022644857409346
0.8769940132101088
1.096685973337439
-1.6311794269338504
0.9761786961638433
0.41609476136836643
-1.8504841834736174
0.6468670827842578
0.5846607645576012
